{
  "instname": "eil22.vrp",
  "N": 22,
  "param": {
    "problem_name": "vrp",
    "author_id": "123456",
    "author_name": "Accyan",
    "algo_name": "SplitILS",
    "time_limit": 24000,
    "teston_prefix": "",
    "teston_extension": ".vrp",
    "path_data": "data/vrp",
    "path_result_sol": "E:\\高级运筹学\\181870259ZhangHaoran\\代码\\result\\vrp\\SplitILS",
    "path_result_csv": "E:\\高级运筹学\\181870259ZhangHaoran\\代码\\result\\vrp/result_SplitILS.csv"
  },
  "time": 1.416,
  "sol": {
    "cost": 375.2797871480124,
    "route": [
      {
        "point": [
          {
            "id": 1,
            "MeetDemand": 0.0
          },
          {
            "id": 14,
            "MeetDemand": 1300.0
          },
          {
            "id": 17,
            "MeetDemand": 2100.0
          }
        ],
        "inst": {
          "instname": "eil22.vrp",
          "N": 22,
          "vertices": [
            {
              "id": 1,
              "coord_x": 145,
              "coord_y": 215,
              "demand": 0.0
            },
            {
              "id": 2,
              "coord_x": 151,
              "coord_y": 264,
              "demand": 1100.0
            },
            {
              "id": 3,
              "coord_x": 159,
              "coord_y": 261,
              "demand": 700.0
            },
            {
              "id": 4,
              "coord_x": 130,
              "coord_y": 254,
              "demand": 800.0
            },
            {
              "id": 5,
              "coord_x": 128,
              "coord_y": 252,
              "demand": 1400.0
            },
            {
              "id": 6,
              "coord_x": 163,
              "coord_y": 247,
              "demand": 2100.0
            },
            {
              "id": 7,
              "coord_x": 146,
              "coord_y": 246,
              "demand": 400.0
            },
            {
              "id": 8,
              "coord_x": 161,
              "coord_y": 242,
              "demand": 800.0
            },
            {
              "id": 9,
              "coord_x": 142,
              "coord_y": 239,
              "demand": 100.0
            },
            {
              "id": 10,
              "coord_x": 163,
              "coord_y": 236,
              "demand": 500.0
            },
            {
              "id": 11,
              "coord_x": 148,
              "coord_y": 232,
              "demand": 600.0
            },
            {
              "id": 12,
              "coord_x": 128,
              "coord_y": 231,
              "demand": 1200.0
            },
            {
              "id": 13,
              "coord_x": 156,
              "coord_y": 217,
              "demand": 1300.0
            },
            {
              "id": 14,
              "coord_x": 129,
              "coord_y": 214,
              "demand": 1300.0
            },
            {
              "id": 15,
              "coord_x": 146,
              "coord_y": 208,
              "demand": 300.0
            },
            {
              "id": 16,
              "coord_x": 164,
              "coord_y": 208,
              "demand": 900.0
            },
            {
              "id": 17,
              "coord_x": 141,
              "coord_y": 206,
              "demand": 2100.0
            },
            {
              "id": 18,
              "coord_x": 147,
              "coord_y": 193,
              "demand": 1000.0
            },
            {
              "id": 19,
              "coord_x": 164,
              "coord_y": 193,
              "demand": 900.0
            },
            {
              "id": 20,
              "coord_x": 129,
              "coord_y": 189,
              "demand": 2500.0
            },
            {
              "id": 21,
              "coord_x": 155,
              "coord_y": 185,
              "demand": 1800.0
            },
            {
              "id": 22,
              "coord_x": 139,
              "coord_y": 182,
              "demand": 700.0
            }
          ],
          "dist": [
            [
              0.0,
              49.36598018878993,
              48.08326112068523,
              41.78516483155236,
              40.718546143004666,
              36.71511950137164,
              31.016124838541646,
              31.38470965295043,
              24.186773244895647,
              27.65863337187866,
              17.26267650163207,
              23.345235059857504,
              11.180339887498949,
              16.0312195418814,
              7.0710678118654755,
              20.248456731316587,
              9.848857801796104,
              22.090722034374522,
              29.068883707497267,
              30.528675044947494,
              31.622776601683793,
              33.54101966249684
            ],
            [
              49.36598018878993,
              0.0,
              8.54400374531753,
              23.259406699226016,
              25.942243542145693,
              20.808652046684813,
              18.681541692269406,
              24.166091947189145,
              26.570660511172846,
              30.463092423455635,
              32.14031735997639,
              40.22437072223753,
              47.265209192385896,
              54.62600113499065,
              56.22277118748239,
              57.48912940721924,
              58.855755878248644,
              71.11258679024411,
              72.18032973047436,
              78.16009211867653,
              79.1012010022604,
              82.87339742040264
            ],
            [
              48.08326112068523,
              8.54400374531753,
              0.0,
              29.832867780352597,
              32.28002478313795,
              14.560219778561036,
              19.849433241279208,
              19.1049731745428,
              27.80287754891569,
              25.317977802344327,
              31.016124838541646,
              43.139309220245984,
              44.10215414239989,
              55.758407437802596,
              54.57105459856901,
              53.23532661682466,
              57.87054518492115,
              69.05070600652827,
              68.18357573492314,
              78.0,
              76.10519036176179,
              81.49233092751734
            ],
            [
              41.78516483155236,
              23.259406699226016,
              29.832867780352597,
              0.0,
              2.8284271247461903,
              33.734255586866,
              17.88854381999832,
              33.24154027718932,
              19.209372712298546,
              37.589892258425,
              28.42534080710379,
              23.08679276123039,
              45.221676218380054,
              40.01249804748511,
              48.703182647543684,
              57.201398584300364,
              49.24428900898052,
              63.324560795950255,
              69.83552104767315,
              65.00769185258002,
              73.38937252763509,
              72.56031973468694
            ],
            [
              40.718546143004666,
              25.942243542145693,
              32.28002478313795,
              2.8284271247461903,
              0.0,
              35.35533905932738,
              18.973665961010276,
              34.48187929913333,
              19.1049731745428,
              38.48376280978771,
              28.284271247461902,
              21.0,
              44.82186966202994,
              38.01315561749642,
              47.53945729601885,
              56.85068161420758,
              47.80167361086848,
              61.98386886924694,
              69.1158447825099,
              63.00793600809346,
              72.2357252334328,
              70.8590149522275
            ],
            [
              36.71511950137164,
              20.808652046684813,
              14.560219778561036,
              33.734255586866,
              35.35533905932738,
              0.0,
              17.029386365926403,
              5.385164807134504,
              22.47220505424423,
              11.0,
              21.213203435596427,
              38.48376280978771,
              30.805843601498726,
              47.38143096192854,
              42.5440947723653,
              39.01281840626232,
              46.52956049652737,
              56.32051136131489,
              54.00925846556311,
              67.23094525588644,
              62.51399843235114,
              69.28924880528002
            ],
            [
              31.016124838541646,
              18.681541692269406,
              19.849433241279208,
              17.88854381999832,
              18.973665961010276,
              17.029386365926403,
              0.0,
              15.524174696260024,
              8.06225774829855,
              19.72308292331602,
              14.142135623730951,
              23.430749027719962,
              30.675723300355934,
              36.235341863986875,
              38.0,
              42.04759208325728,
              40.311288741492746,
              53.009433122794285,
              55.97320787662612,
              59.481089431852205,
              61.66036003787198,
              64.38167441127949
            ],
            [
              31.38470965295043,
              24.166091947189145,
              19.1049731745428,
              33.24154027718932,
              34.48187929913333,
              5.385164807134504,
              15.524174696260024,
              0.0,
              19.235384061671343,
              6.324555320336759,
              16.401219466856727,
              34.785054261852174,
              25.495097567963924,
              42.5205832509386,
              37.16180835212409,
              34.132096331752024,
              41.182520563948,
              50.96076922496363,
              49.09175083453431,
              61.91122676865643,
              57.3149195236284,
              63.90618123468183
            ],
            [
              24.186773244895647,
              26.570660511172846,
              27.80287754891569,
              19.209372712298546,
              19.1049731745428,
              22.47220505424423,
              8.06225774829855,
              19.235384061671343,
              0.0,
              21.213203435596427,
              9.219544457292887,
              16.1245154965971,
              26.076809620810597,
              28.178005607210743,
              31.25699921617557,
              38.01315561749642,
              33.015148038438355,
              46.2709412050371,
              50.99019513592785,
              51.66236541235796,
              55.54277630799526,
              57.07889277132134
            ],
            [
              27.65863337187866,
              30.463092423455635,
              25.317977802344327,
              37.589892258425,
              38.48376280978771,
              11.0,
              19.72308292331602,
              6.324555320336759,
              21.213203435596427,
              0.0,
              15.524174696260024,
              35.35533905932738,
              20.248456731316587,
              40.496913462633174,
              32.7566787083184,
              28.0178514522438,
              37.20215047547655,
              45.880278987817846,
              43.01162633521314,
              58.008620049092706,
              51.62363799656123,
              59.09314681077663
            ],
            [
              17.26267650163207,
              32.14031735997639,
              31.016124838541646,
              28.42534080710379,
              28.284271247461902,
              21.213203435596427,
              14.142135623730951,
              16.401219466856727,
              9.219544457292887,
              15.524174696260024,
              0.0,
              20.024984394500787,
              17.0,
              26.1725046566048,
              24.08318915758459,
              28.844410203711913,
              26.92582403567252,
              39.01281840626232,
              42.15447781671598,
              47.01063709417264,
              47.51841748206689,
              50.80354318352215
            ],
            [
              23.345235059857504,
              40.22437072223753,
              43.139309220245984,
              23.08679276123039,
              21.0,
              38.48376280978771,
              23.430749027719962,
              34.785054261852174,
              16.1245154965971,
              35.35533905932738,
              20.024984394500787,
              0.0,
              31.304951684997057,
              17.029386365926403,
              29.206163733020468,
              42.720018726587654,
              28.178005607210743,
              42.485291572496,
              52.3450093132096,
              42.01190307520001,
              53.33854141237835,
              50.21951811795888
            ],
            [
              11.180339887498949,
              47.265209192385896,
              44.10215414239989,
              45.221676218380054,
              44.82186966202994,
              30.805843601498726,
              30.675723300355934,
              25.495097567963924,
              26.076809620810597,
              20.248456731316587,
              17.0,
              31.304951684997057,
              0.0,
              27.16615541441225,
              13.45362404707371,
              12.041594578792296,
              18.601075237738275,
              25.632011235952593,
              25.298221281347036,
              38.897300677553446,
              32.01562118716424,
              38.91015291668744
            ],
            [
              16.0312195418814,
              54.62600113499065,
              55.758407437802596,
              40.01249804748511,
              38.01315561749642,
              47.38143096192854,
              36.235341863986875,
              42.5205832509386,
              28.178005607210743,
              40.496913462633174,
              26.1725046566048,
              17.029386365926403,
              27.16615541441225,
              0.0,
              18.027756377319946,
              35.510561809129406,
              14.422205101855956,
              27.65863337187866,
              40.8166632639171,
              25.0,
              38.948684188300895,
              33.52610922848042
            ],
            [
              7.0710678118654755,
              56.22277118748239,
              54.57105459856901,
              48.703182647543684,
              47.53945729601885,
              42.5440947723653,
              38.0,
              37.16180835212409,
              31.25699921617557,
              32.7566787083184,
              24.08318915758459,
              29.206163733020468,
              13.45362404707371,
              18.027756377319946,
              0.0,
              18.0,
              5.385164807134504,
              15.033296378372908,
              23.430749027719962,
              25.495097567963924,
              24.698178070456937,
              26.92582403567252
            ],
            [
              20.248456731316587,
              57.48912940721924,
              53.23532661682466,
              57.201398584300364,
              56.85068161420758,
              39.01281840626232,
              42.04759208325728,
              34.132096331752024,
              38.01315561749642,
              28.0178514522438,
              28.844410203711913,
              42.720018726587654,
              12.041594578792296,
              35.510561809129406,
              18.0,
              0.0,
              23.08679276123039,
              22.67156809750927,
              15.0,
              39.824615503479755,
              24.698178070456937,
              36.069377593742864
            ],
            [
              9.848857801796104,
              58.855755878248644,
              57.87054518492115,
              49.24428900898052,
              47.80167361086848,
              46.52956049652737,
              40.311288741492746,
              41.182520563948,
              33.015148038438355,
              37.20215047547655,
              26.92582403567252,
              28.178005607210743,
              18.601075237738275,
              14.422205101855956,
              5.385164807134504,
              23.08679276123039,
              0.0,
              14.317821063276353,
              26.419689627245813,
              20.808652046684813,
              25.238858928247925,
              24.08318915758459
            ],
            [
              22.090722034374522,
              71.11258679024411,
              69.05070600652827,
              63.324560795950255,
              61.98386886924694,
              56.32051136131489,
              53.009433122794285,
              50.96076922496363,
              46.2709412050371,
              45.880278987817846,
              39.01281840626232,
              42.485291572496,
              25.632011235952593,
              27.65863337187866,
              15.033296378372908,
              22.67156809750927,
              14.317821063276353,
              0.0,
              17.0,
              18.439088914585774,
              11.313708498984761,
              13.601470508735444
            ],
            [
              29.068883707497267,
              72.18032973047436,
              68.18357573492314,
              69.83552104767315,
              69.1158447825099,
              54.00925846556311,
              55.97320787662612,
              49.09175083453431,
              50.99019513592785,
              43.01162633521314,
              42.15447781671598,
              52.3450093132096,
              25.298221281347036,
              40.8166632639171,
              23.430749027719962,
              15.0,
              26.419689627245813,
              17.0,
              0.0,
              35.22782990761707,
              12.041594578792296,
              27.313000567495326
            ],
            [
              30.528675044947494,
              78.16009211867653,
              78.0,
              65.00769185258002,
              63.00793600809346,
              67.23094525588644,
              59.481089431852205,
              61.91122676865643,
              51.66236541235796,
              58.008620049092706,
              47.01063709417264,
              42.01190307520001,
              38.897300677553446,
              25.0,
              25.495097567963924,
              39.824615503479755,
              20.808652046684813,
              18.439088914585774,
              35.22782990761707,
              0.0,
              26.30589287593181,
              12.206555615733702
            ],
            [
              31.622776601683793,
              79.1012010022604,
              76.10519036176179,
              73.38937252763509,
              72.2357252334328,
              62.51399843235114,
              61.66036003787198,
              57.3149195236284,
              55.54277630799526,
              51.62363799656123,
              47.51841748206689,
              53.33854141237835,
              32.01562118716424,
              38.948684188300895,
              24.698178070456937,
              24.698178070456937,
              25.238858928247925,
              11.313708498984761,
              12.041594578792296,
              26.30589287593181,
              0.0,
              16.278820596099706
            ],
            [
              33.54101966249684,
              82.87339742040264,
              81.49233092751734,
              72.56031973468694,
              70.8590149522275,
              69.28924880528002,
              64.38167441127949,
              63.90618123468183,
              57.07889277132134,
              59.09314681077663,
              50.80354318352215,
              50.21951811795888,
              38.91015291668744,
              33.52610922848042,
              26.92582403567252,
              36.069377593742864,
              24.08318915758459,
              13.601470508735444,
              27.313000567495326,
              12.206555615733702,
              16.278820596099706,
              0.0
            ]
          ],
          "capacity": 6000.0
        }
      },
      {
        "point": [
          {
            "id": 1,
            "MeetDemand": 0.0
          },
          {
            "id": 9,
            "MeetDemand": 100.0
          },
          {
            "id": 7,
            "MeetDemand": 400.0
          },
          {
            "id": 3,
            "MeetDemand": 700.0
          },
          {
            "id": 2,
            "MeetDemand": 1100.0
          },
          {
            "id": 4,
            "MeetDemand": 800.0
          },
          {
            "id": 5,
            "MeetDemand": 1400.0
          },
          {
            "id": 12,
            "MeetDemand": 1200.0
          }
        ],
        "inst": {
          "instname": "eil22.vrp",
          "N": 22,
          "vertices": [
            {
              "id": 1,
              "coord_x": 145,
              "coord_y": 215,
              "demand": 0.0
            },
            {
              "id": 2,
              "coord_x": 151,
              "coord_y": 264,
              "demand": 1100.0
            },
            {
              "id": 3,
              "coord_x": 159,
              "coord_y": 261,
              "demand": 700.0
            },
            {
              "id": 4,
              "coord_x": 130,
              "coord_y": 254,
              "demand": 800.0
            },
            {
              "id": 5,
              "coord_x": 128,
              "coord_y": 252,
              "demand": 1400.0
            },
            {
              "id": 6,
              "coord_x": 163,
              "coord_y": 247,
              "demand": 2100.0
            },
            {
              "id": 7,
              "coord_x": 146,
              "coord_y": 246,
              "demand": 400.0
            },
            {
              "id": 8,
              "coord_x": 161,
              "coord_y": 242,
              "demand": 800.0
            },
            {
              "id": 9,
              "coord_x": 142,
              "coord_y": 239,
              "demand": 100.0
            },
            {
              "id": 10,
              "coord_x": 163,
              "coord_y": 236,
              "demand": 500.0
            },
            {
              "id": 11,
              "coord_x": 148,
              "coord_y": 232,
              "demand": 600.0
            },
            {
              "id": 12,
              "coord_x": 128,
              "coord_y": 231,
              "demand": 1200.0
            },
            {
              "id": 13,
              "coord_x": 156,
              "coord_y": 217,
              "demand": 1300.0
            },
            {
              "id": 14,
              "coord_x": 129,
              "coord_y": 214,
              "demand": 1300.0
            },
            {
              "id": 15,
              "coord_x": 146,
              "coord_y": 208,
              "demand": 300.0
            },
            {
              "id": 16,
              "coord_x": 164,
              "coord_y": 208,
              "demand": 900.0
            },
            {
              "id": 17,
              "coord_x": 141,
              "coord_y": 206,
              "demand": 2100.0
            },
            {
              "id": 18,
              "coord_x": 147,
              "coord_y": 193,
              "demand": 1000.0
            },
            {
              "id": 19,
              "coord_x": 164,
              "coord_y": 193,
              "demand": 900.0
            },
            {
              "id": 20,
              "coord_x": 129,
              "coord_y": 189,
              "demand": 2500.0
            },
            {
              "id": 21,
              "coord_x": 155,
              "coord_y": 185,
              "demand": 1800.0
            },
            {
              "id": 22,
              "coord_x": 139,
              "coord_y": 182,
              "demand": 700.0
            }
          ],
          "dist": [
            [
              0.0,
              49.36598018878993,
              48.08326112068523,
              41.78516483155236,
              40.718546143004666,
              36.71511950137164,
              31.016124838541646,
              31.38470965295043,
              24.186773244895647,
              27.65863337187866,
              17.26267650163207,
              23.345235059857504,
              11.180339887498949,
              16.0312195418814,
              7.0710678118654755,
              20.248456731316587,
              9.848857801796104,
              22.090722034374522,
              29.068883707497267,
              30.528675044947494,
              31.622776601683793,
              33.54101966249684
            ],
            [
              49.36598018878993,
              0.0,
              8.54400374531753,
              23.259406699226016,
              25.942243542145693,
              20.808652046684813,
              18.681541692269406,
              24.166091947189145,
              26.570660511172846,
              30.463092423455635,
              32.14031735997639,
              40.22437072223753,
              47.265209192385896,
              54.62600113499065,
              56.22277118748239,
              57.48912940721924,
              58.855755878248644,
              71.11258679024411,
              72.18032973047436,
              78.16009211867653,
              79.1012010022604,
              82.87339742040264
            ],
            [
              48.08326112068523,
              8.54400374531753,
              0.0,
              29.832867780352597,
              32.28002478313795,
              14.560219778561036,
              19.849433241279208,
              19.1049731745428,
              27.80287754891569,
              25.317977802344327,
              31.016124838541646,
              43.139309220245984,
              44.10215414239989,
              55.758407437802596,
              54.57105459856901,
              53.23532661682466,
              57.87054518492115,
              69.05070600652827,
              68.18357573492314,
              78.0,
              76.10519036176179,
              81.49233092751734
            ],
            [
              41.78516483155236,
              23.259406699226016,
              29.832867780352597,
              0.0,
              2.8284271247461903,
              33.734255586866,
              17.88854381999832,
              33.24154027718932,
              19.209372712298546,
              37.589892258425,
              28.42534080710379,
              23.08679276123039,
              45.221676218380054,
              40.01249804748511,
              48.703182647543684,
              57.201398584300364,
              49.24428900898052,
              63.324560795950255,
              69.83552104767315,
              65.00769185258002,
              73.38937252763509,
              72.56031973468694
            ],
            [
              40.718546143004666,
              25.942243542145693,
              32.28002478313795,
              2.8284271247461903,
              0.0,
              35.35533905932738,
              18.973665961010276,
              34.48187929913333,
              19.1049731745428,
              38.48376280978771,
              28.284271247461902,
              21.0,
              44.82186966202994,
              38.01315561749642,
              47.53945729601885,
              56.85068161420758,
              47.80167361086848,
              61.98386886924694,
              69.1158447825099,
              63.00793600809346,
              72.2357252334328,
              70.8590149522275
            ],
            [
              36.71511950137164,
              20.808652046684813,
              14.560219778561036,
              33.734255586866,
              35.35533905932738,
              0.0,
              17.029386365926403,
              5.385164807134504,
              22.47220505424423,
              11.0,
              21.213203435596427,
              38.48376280978771,
              30.805843601498726,
              47.38143096192854,
              42.5440947723653,
              39.01281840626232,
              46.52956049652737,
              56.32051136131489,
              54.00925846556311,
              67.23094525588644,
              62.51399843235114,
              69.28924880528002
            ],
            [
              31.016124838541646,
              18.681541692269406,
              19.849433241279208,
              17.88854381999832,
              18.973665961010276,
              17.029386365926403,
              0.0,
              15.524174696260024,
              8.06225774829855,
              19.72308292331602,
              14.142135623730951,
              23.430749027719962,
              30.675723300355934,
              36.235341863986875,
              38.0,
              42.04759208325728,
              40.311288741492746,
              53.009433122794285,
              55.97320787662612,
              59.481089431852205,
              61.66036003787198,
              64.38167441127949
            ],
            [
              31.38470965295043,
              24.166091947189145,
              19.1049731745428,
              33.24154027718932,
              34.48187929913333,
              5.385164807134504,
              15.524174696260024,
              0.0,
              19.235384061671343,
              6.324555320336759,
              16.401219466856727,
              34.785054261852174,
              25.495097567963924,
              42.5205832509386,
              37.16180835212409,
              34.132096331752024,
              41.182520563948,
              50.96076922496363,
              49.09175083453431,
              61.91122676865643,
              57.3149195236284,
              63.90618123468183
            ],
            [
              24.186773244895647,
              26.570660511172846,
              27.80287754891569,
              19.209372712298546,
              19.1049731745428,
              22.47220505424423,
              8.06225774829855,
              19.235384061671343,
              0.0,
              21.213203435596427,
              9.219544457292887,
              16.1245154965971,
              26.076809620810597,
              28.178005607210743,
              31.25699921617557,
              38.01315561749642,
              33.015148038438355,
              46.2709412050371,
              50.99019513592785,
              51.66236541235796,
              55.54277630799526,
              57.07889277132134
            ],
            [
              27.65863337187866,
              30.463092423455635,
              25.317977802344327,
              37.589892258425,
              38.48376280978771,
              11.0,
              19.72308292331602,
              6.324555320336759,
              21.213203435596427,
              0.0,
              15.524174696260024,
              35.35533905932738,
              20.248456731316587,
              40.496913462633174,
              32.7566787083184,
              28.0178514522438,
              37.20215047547655,
              45.880278987817846,
              43.01162633521314,
              58.008620049092706,
              51.62363799656123,
              59.09314681077663
            ],
            [
              17.26267650163207,
              32.14031735997639,
              31.016124838541646,
              28.42534080710379,
              28.284271247461902,
              21.213203435596427,
              14.142135623730951,
              16.401219466856727,
              9.219544457292887,
              15.524174696260024,
              0.0,
              20.024984394500787,
              17.0,
              26.1725046566048,
              24.08318915758459,
              28.844410203711913,
              26.92582403567252,
              39.01281840626232,
              42.15447781671598,
              47.01063709417264,
              47.51841748206689,
              50.80354318352215
            ],
            [
              23.345235059857504,
              40.22437072223753,
              43.139309220245984,
              23.08679276123039,
              21.0,
              38.48376280978771,
              23.430749027719962,
              34.785054261852174,
              16.1245154965971,
              35.35533905932738,
              20.024984394500787,
              0.0,
              31.304951684997057,
              17.029386365926403,
              29.206163733020468,
              42.720018726587654,
              28.178005607210743,
              42.485291572496,
              52.3450093132096,
              42.01190307520001,
              53.33854141237835,
              50.21951811795888
            ],
            [
              11.180339887498949,
              47.265209192385896,
              44.10215414239989,
              45.221676218380054,
              44.82186966202994,
              30.805843601498726,
              30.675723300355934,
              25.495097567963924,
              26.076809620810597,
              20.248456731316587,
              17.0,
              31.304951684997057,
              0.0,
              27.16615541441225,
              13.45362404707371,
              12.041594578792296,
              18.601075237738275,
              25.632011235952593,
              25.298221281347036,
              38.897300677553446,
              32.01562118716424,
              38.91015291668744
            ],
            [
              16.0312195418814,
              54.62600113499065,
              55.758407437802596,
              40.01249804748511,
              38.01315561749642,
              47.38143096192854,
              36.235341863986875,
              42.5205832509386,
              28.178005607210743,
              40.496913462633174,
              26.1725046566048,
              17.029386365926403,
              27.16615541441225,
              0.0,
              18.027756377319946,
              35.510561809129406,
              14.422205101855956,
              27.65863337187866,
              40.8166632639171,
              25.0,
              38.948684188300895,
              33.52610922848042
            ],
            [
              7.0710678118654755,
              56.22277118748239,
              54.57105459856901,
              48.703182647543684,
              47.53945729601885,
              42.5440947723653,
              38.0,
              37.16180835212409,
              31.25699921617557,
              32.7566787083184,
              24.08318915758459,
              29.206163733020468,
              13.45362404707371,
              18.027756377319946,
              0.0,
              18.0,
              5.385164807134504,
              15.033296378372908,
              23.430749027719962,
              25.495097567963924,
              24.698178070456937,
              26.92582403567252
            ],
            [
              20.248456731316587,
              57.48912940721924,
              53.23532661682466,
              57.201398584300364,
              56.85068161420758,
              39.01281840626232,
              42.04759208325728,
              34.132096331752024,
              38.01315561749642,
              28.0178514522438,
              28.844410203711913,
              42.720018726587654,
              12.041594578792296,
              35.510561809129406,
              18.0,
              0.0,
              23.08679276123039,
              22.67156809750927,
              15.0,
              39.824615503479755,
              24.698178070456937,
              36.069377593742864
            ],
            [
              9.848857801796104,
              58.855755878248644,
              57.87054518492115,
              49.24428900898052,
              47.80167361086848,
              46.52956049652737,
              40.311288741492746,
              41.182520563948,
              33.015148038438355,
              37.20215047547655,
              26.92582403567252,
              28.178005607210743,
              18.601075237738275,
              14.422205101855956,
              5.385164807134504,
              23.08679276123039,
              0.0,
              14.317821063276353,
              26.419689627245813,
              20.808652046684813,
              25.238858928247925,
              24.08318915758459
            ],
            [
              22.090722034374522,
              71.11258679024411,
              69.05070600652827,
              63.324560795950255,
              61.98386886924694,
              56.32051136131489,
              53.009433122794285,
              50.96076922496363,
              46.2709412050371,
              45.880278987817846,
              39.01281840626232,
              42.485291572496,
              25.632011235952593,
              27.65863337187866,
              15.033296378372908,
              22.67156809750927,
              14.317821063276353,
              0.0,
              17.0,
              18.439088914585774,
              11.313708498984761,
              13.601470508735444
            ],
            [
              29.068883707497267,
              72.18032973047436,
              68.18357573492314,
              69.83552104767315,
              69.1158447825099,
              54.00925846556311,
              55.97320787662612,
              49.09175083453431,
              50.99019513592785,
              43.01162633521314,
              42.15447781671598,
              52.3450093132096,
              25.298221281347036,
              40.8166632639171,
              23.430749027719962,
              15.0,
              26.419689627245813,
              17.0,
              0.0,
              35.22782990761707,
              12.041594578792296,
              27.313000567495326
            ],
            [
              30.528675044947494,
              78.16009211867653,
              78.0,
              65.00769185258002,
              63.00793600809346,
              67.23094525588644,
              59.481089431852205,
              61.91122676865643,
              51.66236541235796,
              58.008620049092706,
              47.01063709417264,
              42.01190307520001,
              38.897300677553446,
              25.0,
              25.495097567963924,
              39.824615503479755,
              20.808652046684813,
              18.439088914585774,
              35.22782990761707,
              0.0,
              26.30589287593181,
              12.206555615733702
            ],
            [
              31.622776601683793,
              79.1012010022604,
              76.10519036176179,
              73.38937252763509,
              72.2357252334328,
              62.51399843235114,
              61.66036003787198,
              57.3149195236284,
              55.54277630799526,
              51.62363799656123,
              47.51841748206689,
              53.33854141237835,
              32.01562118716424,
              38.948684188300895,
              24.698178070456937,
              24.698178070456937,
              25.238858928247925,
              11.313708498984761,
              12.041594578792296,
              26.30589287593181,
              0.0,
              16.278820596099706
            ],
            [
              33.54101966249684,
              82.87339742040264,
              81.49233092751734,
              72.56031973468694,
              70.8590149522275,
              69.28924880528002,
              64.38167441127949,
              63.90618123468183,
