{
  "instname": "eil51.vrp",
  "N": 51,
  "param": {
    "problem_name": "vrp",
    "author_id": "123456",
    "author_name": "Accyan",
    "algo_name": "SplitILS",
    "time_limit": 24000,
    "teston_prefix": "",
    "teston_extension": ".vrp",
    "path_data": "data/vrp",
    "path_result_sol": "E:\\高级运筹学\\181870259ZhangHaoran\\代码\\result\\vrp\\SplitILS",
    "path_result_csv": "E:\\高级运筹学\\181870259ZhangHaoran\\代码\\result\\vrp/result_SplitILS.csv"
  },
  "time": 2.169,
  "sol": {
    "cost": 545.6139101574429,
    "route": [
      {
        "point": [
          {
            "id": 1,
            "MeetDemand": 0.0
          },
          {
            "id": 19,
            "MeetDemand": 41.0
          },
          {
            "id": 26,
            "MeetDemand": 28.0
          },
          {
            "id": 15,
            "MeetDemand": 21.0
          },
          {
            "id": 25,
            "MeetDemand": 10.0
          },
          {
            "id": 24,
            "MeetDemand": 16.0
          },
          {
            "id": 7,
            "MeetDemand": 15.0
          }
        ],
        "inst": {
          "instname": "eil51.vrp",
          "N": 51,
          "vertices": [
            {
              "id": 1,
              "coord_x": 30,
              "coord_y": 40,
              "demand": 0.0
            },
            {
              "id": 2,
              "coord_x": 37,
              "coord_y": 52,
              "demand": 7.0
            },
            {
              "id": 3,
              "coord_x": 49,
              "coord_y": 49,
              "demand": 30.0
            },
            {
              "id": 4,
              "coord_x": 52,
              "coord_y": 64,
              "demand": 16.0
            },
            {
              "id": 5,
              "coord_x": 20,
              "coord_y": 26,
              "demand": 9.0
            },
            {
              "id": 6,
              "coord_x": 40,
              "coord_y": 30,
              "demand": 21.0
            },
            {
              "id": 7,
              "coord_x": 21,
              "coord_y": 47,
              "demand": 15.0
            },
            {
              "id": 8,
              "coord_x": 17,
              "coord_y": 63,
              "demand": 19.0
            },
            {
              "id": 9,
              "coord_x": 31,
              "coord_y": 62,
              "demand": 23.0
            },
            {
              "id": 10,
              "coord_x": 52,
              "coord_y": 33,
              "demand": 11.0
            },
            {
              "id": 11,
              "coord_x": 51,
              "coord_y": 21,
              "demand": 5.0
            },
            {
              "id": 12,
              "coord_x": 42,
              "coord_y": 41,
              "demand": 19.0
            },
            {
              "id": 13,
              "coord_x": 31,
              "coord_y": 32,
              "demand": 29.0
            },
            {
              "id": 14,
              "coord_x": 5,
              "coord_y": 25,
              "demand": 23.0
            },
            {
              "id": 15,
              "coord_x": 12,
              "coord_y": 42,
              "demand": 21.0
            },
            {
              "id": 16,
              "coord_x": 36,
              "coord_y": 16,
              "demand": 10.0
            },
            {
              "id": 17,
              "coord_x": 52,
              "coord_y": 41,
              "demand": 15.0
            },
            {
              "id": 18,
              "coord_x": 27,
              "coord_y": 23,
              "demand": 3.0
            },
            {
              "id": 19,
              "coord_x": 17,
              "coord_y": 33,
              "demand": 41.0
            },
            {
              "id": 20,
              "coord_x": 13,
              "coord_y": 13,
              "demand": 9.0
            },
            {
              "id": 21,
              "coord_x": 57,
              "coord_y": 58,
              "demand": 28.0
            },
            {
              "id": 22,
              "coord_x": 62,
              "coord_y": 42,
              "demand": 8.0
            },
            {
              "id": 23,
              "coord_x": 42,
              "coord_y": 57,
              "demand": 8.0
            },
            {
              "id": 24,
              "coord_x": 16,
              "coord_y": 57,
              "demand": 16.0
            },
            {
              "id": 25,
              "coord_x": 8,
              "coord_y": 52,
              "demand": 10.0
            },
            {
              "id": 26,
              "coord_x": 7,
              "coord_y": 38,
              "demand": 28.0
            },
            {
              "id": 27,
              "coord_x": 27,
              "coord_y": 68,
              "demand": 7.0
            },
            {
              "id": 28,
              "coord_x": 30,
              "coord_y": 48,
              "demand": 15.0
            },
            {
              "id": 29,
              "coord_x": 43,
              "coord_y": 67,
              "demand": 14.0
            },
            {
              "id": 30,
              "coord_x": 58,
              "coord_y": 48,
              "demand": 6.0
            },
            {
              "id": 31,
              "coord_x": 58,
              "coord_y": 27,
              "demand": 19.0
            },
            {
              "id": 32,
              "coord_x": 37,
              "coord_y": 69,
              "demand": 11.0
            },
            {
              "id": 33,
              "coord_x": 38,
              "coord_y": 46,
              "demand": 12.0
            },
            {
              "id": 34,
              "coord_x": 46,
              "coord_y": 10,
              "demand": 23.0
            },
            {
              "id": 35,
              "coord_x": 61,
              "coord_y": 33,
              "demand": 26.0
            },
            {
              "id": 36,
              "coord_x": 62,
              "coord_y": 63,
              "demand": 17.0
            },
            {
              "id": 37,
              "coord_x": 63,
              "coord_y": 69,
              "demand": 6.0
            },
            {
              "id": 38,
              "coord_x": 32,
              "coord_y": 22,
              "demand": 9.0
            },
            {
              "id": 39,
              "coord_x": 45,
              "coord_y": 35,
              "demand": 15.0
            },
            {
              "id": 40,
              "coord_x": 59,
              "coord_y": 15,
              "demand": 14.0
            },
            {
              "id": 41,
              "coord_x": 5,
              "coord_y": 6,
              "demand": 7.0
            },
            {
              "id": 42,
              "coord_x": 10,
              "coord_y": 17,
              "demand": 27.0
            },
            {
              "id": 43,
              "coord_x": 21,
              "coord_y": 10,
              "demand": 13.0
            },
            {
              "id": 44,
              "coord_x": 5,
              "coord_y": 64,
              "demand": 11.0
            },
            {
              "id": 45,
              "coord_x": 30,
              "coord_y": 15,
              "demand": 16.0
            },
            {
              "id": 46,
              "coord_x": 39,
              "coord_y": 10,
              "demand": 10.0
            },
            {
              "id": 47,
              "coord_x": 32,
              "coord_y": 39,
              "demand": 5.0
            },
            {
              "id": 48,
              "coord_x": 25,
              "coord_y": 32,
              "demand": 25.0
            },
            {
              "id": 49,
              "coord_x": 25,
              "coord_y": 55,
              "demand": 17.0
            },
            {
              "id": 50,
              "coord_x": 48,
              "coord_y": 28,
              "demand": 18.0
            },
            {
              "id": 51,
              "coord_x": 56,
              "coord_y": 37,
              "demand": 10.0
            }
          ],
          "dist": [
            [
              0.0,
              13.892443989449804,
              21.02379604162864,
              32.55764119219941,
              17.204650534085253,
              14.142135623730951,
              11.40175425099138,
              26.419689627245813,
              22.02271554554524,
              23.08679276123039,
              28.319604517012593,
              12.041594578792296,
              8.06225774829855,
              29.154759474226502,
              18.110770276274835,
              24.73863375370596,
              22.02271554554524,
              17.26267650163207,
              14.7648230602334,
              31.906112267087632,
              32.449961479175904,
              32.0624390837628,
              20.808652046684813,
              22.02271554554524,
              25.059928172283335,
              23.08679276123039,
              28.160255680657446,
              8.0,
              29.966648127543394,
              29.120439557122072,
              30.870698080866262,
              29.832867780352597,
              10.0,
              34.0,
              31.78049716414141,
              39.408120990476064,
              43.93176527297759,
              18.110770276274835,
              15.811388300841896,
              38.28837943815329,
              42.20189569201838,
              30.479501308256342,
              31.32091952673165,
              34.655446902326915,
              25.0,
              31.32091952673165,
              2.23606797749979,
              9.433981132056603,
              15.811388300841896,
              21.633307652783937,
              26.1725046566048
            ],
            [
              13.892443989449804,
              0.0,
              12.36931687685298,
              19.209372712298546,
              31.064449134018133,
              22.20360331117452,
              16.76305461424021,
              22.825424421026653,
              11.661903789690601,
              24.20743687382041,
              34.0147027033899,
              12.083045973594572,
              20.8806130178211,
              41.86884283091664,
              26.92582403567252,
              36.013886210738214,
              18.601075237738275,
              30.675723300355934,
              27.586228448267445,
              45.79301256742124,
              20.8806130178211,
              26.92582403567252,
              7.0710678118654755,
              21.587033144922902,
              29.0,
              33.1058907144937,
              18.867962264113206,
              8.06225774829855,
              16.15549442140351,
              21.37755832643195,
              32.64965543462902,
              17.0,
              6.082762530298219,
              42.95346318982906,
              30.610455730027933,
              27.313000567495326,
              31.064449134018133,
              30.4138126514911,
              18.788294228055936,
              43.04648650006177,
              56.0357029044876,
              44.204072210600685,
              44.94441010848846,
              34.17601498127012,
              37.656340767525464,
              42.04759208325728,
              13.92838827718412,
              23.323807579381203,
              12.36931687685298,
              26.40075756488817,
              24.20743687382041
            ],
            [
              21.02379604162864,
              12.36931687685298,
              0.0,
              15.297058540778355,
              37.013511046643494,
              21.02379604162864,
              28.071337695236398,
              34.92849839314596,
              22.20360331117452,
              16.278820596099706,
              28.071337695236398,
              10.63014581273465,
              24.758836806279895,
              50.11985634456667,
              37.656340767525464,
              35.4682957019364,
              8.54400374531753,
              34.058772731852805,
              35.77708763999664,
              50.91168824543142,
              12.041594578792296,
              14.7648230602334,
              10.63014581273465,
              33.95585369269929,
              41.10960958218893,
              43.41658669218482,
              29.068883707497267,
              19.026297590440446,
              18.973665961010276,
              9.055385138137417,
              23.769728648009426,
              23.323807579381203,
              11.40175425099138,
              39.11521443121589,
              20.0,
              19.1049731745428,
              24.413111231467404,
              31.906112267087632,
              14.560219778561036,
              35.4400902933387,
              61.5223536610881,
              50.44799302251776,
              48.010415536631214,
              46.486557196677836,
              38.948684188300895,
              40.26164427839479,
              19.72308292331602,
              29.410882339705484,
              24.73863375370596,
              21.02379604162864,
              13.892443989449804
            ],
            [
              32.55764119219941,
              19.209372712298546,
              15.297058540778355,
              0.0,
              49.678969393496885,
              36.05551275463989,
              35.35533905932738,
              35.014282800023196,
              21.095023109728988,
              31.0,
              43.01162633521314,
              25.079872407968907,
              38.27531841800928,
              61.07372593840988,
              45.65084884205331,
              50.59644256269407,
              23.0,
              48.02082881417188,
              46.75467891024384,
              64.20280367709809,
              7.810249675906654,
              24.166091947189145,
              12.206555615733702,
              36.6742416417845,
              45.60701700396552,
              51.97114584074513,
              25.317977802344327,
              27.202941017470888,
              9.486832980505138,
              17.08800749063506,
              37.48332962798263,
              15.811388300841896,
              22.80350850198276,
              54.3323108288245,
              32.28002478313795,
              10.04987562112089,
              12.083045973594572,
              46.51881339845203,
              29.832867780352597,
              49.49747468305833,
              74.65252842335616,
              63.0317380372777,
              62.26556030423239,
              47.0,
              53.71219600798314,
              55.54277630799526,
              32.01562118716424,
              41.86884283091664,
              28.460498941515414,
              36.22154055254967,
              27.294688127912362
            ],
            [
              17.204650534085253,
              31.064449134018133,
              37.013511046643494,
              49.678969393496885,
              0.0,
              20.396078054371138,
              21.02379604162864,
              37.12142238654117,
              37.64306044943742,
              32.7566787083184,
              31.400636936215164,
              26.627053911388696,
              12.529964086141668,
              15.033296378372908,
              17.88854381999832,
              18.867962264113206,
              35.34119409414458,
              7.615773105863909,
              7.615773105863909,
              14.7648230602334,
              48.91829923454004,
              44.94441010848846,
              38.01315561749642,
              31.25699921617557,
              28.635642126552707,
              17.69180601295413,
              42.579337712087536,
              24.166091947189145,
              47.01063709417264,
              43.9089968002003,
              38.01315561749642,
              46.238512086787566,
              26.90724809414742,
              30.528675044947494,
              41.593268686170845,
              55.97320787662612,
              60.81118318204309,
              12.649110640673518,
              26.570660511172846,
              40.52159917870962,
              25.0,
              13.45362404707371,
              16.0312195418814,
              40.85339643163099,
              14.866068747318506,
              24.839484696748443,
              17.69180601295413,
              7.810249675906654,
              29.427877939124322,
              28.071337695236398,
              37.64306044943742
            ],
            [
              14.142135623730951,
              22.20360331117452,
              21.02379604162864,
              36.05551275463989,
              20.396078054371138,
              0.0,
              25.495097567963924,
              40.22437072223753,
              33.24154027718932,
              12.36931687685298,
              14.212670403551895,
              11.180339887498949,
              9.219544457292887,
              35.35533905932738,
              30.463092423455635,
              14.560219778561036,
              16.278820596099706,
              14.7648230602334,
              23.194827009486403,
              31.906112267087632,
              32.7566787083184,
              25.059928172283335,
              27.073972741361768,
              36.124783736376884,
              38.8329756778952,
              33.95585369269929,
              40.162171256046406,
              20.591260281974,
              37.12142238654117,
              25.45584412271571,
              18.24828759089466,
              39.11521443121589,
              16.1245154965971,
              20.8806130178211,
              21.213203435596427,
              39.66106403010388,
              45.27692569068709,
              11.313708498984761,
              7.0710678118654755,
              24.20743687382041,
              42.43819034784589,
              32.69556544854363,
              27.586228448267445,
              48.79549159502341,
              18.027756377319946,
              20.024984394500787,
              12.041594578792296,
              15.132745950421556,
              29.154759474226502,
              8.246211251235321,
              17.46424919657298
            ],
            [
              11.40175425099138,
              16.76305461424021,
              28.071337695236398,
              35.35533905932738,
              21.02379604162864,
              25.495097567963924,
              0.0,
              16.492422502470642,
              18.027756377319946,
              34.0147027033899,
              39.698866482558415,
              21.840329667841555,
              18.027756377319946,
              27.202941017470888,
              10.295630140987,
              34.438350715445125,
              31.575306807693888,
              24.73863375370596,
              14.560219778561036,
              34.92849839314596,
              37.64306044943742,
              41.30375285612676,
              23.259406699226016,
              11.180339887498949,
              13.92838827718412,
              16.64331697709324,
              21.840329667841555,
              9.055385138137417,
              29.732137494637012,
              37.013511046643494,
              42.05948168962618,
              27.202941017470888,
              17.029386365926403,
              44.654227123532216,
              42.37924020083418,
              44.01136216933077,
              47.41307836451879,
              27.313000567495326,
              26.832815729997478,
              49.678969393496885,
              44.01136216933077,
              31.953090617340916,
              37.0,
              23.345235059857504,
              33.24154027718932,
              41.14608122288197,
              13.601470508735444,
              15.524174696260024,
              8.94427190999916,
              33.015148038438355,
              36.40054944640259
            ],
            [
              26.419689627245813,
              22.825424421026653,
              34.92849839314596,
              35.014282800023196,
              37.12142238654117,
              40.22437072223753,
              16.492422502470642,
              0.0,
              14.035668847618199,
              46.09772228646444,
              54.037024344425184,
              33.301651610693426,
              34.0147027033899,
              39.84971769034255,
              21.587033144922902,
              50.695167422546305,
              41.340053217188775,
              41.23105625617661,
              30.0,
              50.15974481593781,
              40.311288741492746,
              49.658836071740545,
              25.709920264364882,
              6.082762530298219,
              14.212670403551895,
              26.92582403567252,
              11.180339887498949,
              19.849433241279208,
              26.30589287593181,
              43.657759905886145,
              54.56189146281496,
              20.8806130178211,
              27.018512172212592,
              60.41522986797286,
              53.25410782277739,
              45.0,
              46.389654018972806,
              43.657759905886145,
              39.59797974644666,
              63.7808748764079,
              58.249463516842795,
              46.52956049652737,
              53.150729063673246,
              12.041594578792296,
              49.72926703662542,
              57.38466694161429,
              28.30194339616981,
              32.01562118716424,
              11.313708498984761,
              46.75467891024384,
              46.87216658103186
            ],
            [
              22.02271554554524,
              11.661903789690601,
              22.20360331117452,
              21.095023109728988,
              37.64306044943742,
              33.24154027718932,
              18.027756377319946,
              14.035668847618199,
              0.0,
              35.805027579936315,
              45.617978911828175,
              23.706539182259394,
              30.0,
              45.221676218380054,
              27.586228448267445,
              46.2709412050371,
              29.698484809834994,
              39.20459156782532,
              32.202484376209235,
              52.20153254455275,
              26.30589287593181,
              36.89173349139343,
              12.083045973594572,
              15.811388300841896,
              25.079872407968907,
              33.94112549695428,
              7.211102550927978,
              14.035668847618199,
              13.0,
              30.4138126514911,
              44.204072210600685,
              9.219544457292887,
              17.46424919657298,
              54.120236510939236,
              41.72529209005013,
              31.016124838541646,
              32.7566787083184,
              40.01249804748511,
              30.4138126514911,
              54.70831746635972,
              61.741396161732524,
              49.658836071740545,
              52.952809179494906,
              26.076809620810597,
              47.01063709417264,
              52.61178575186362,
              23.021728866442675,
              30.59411708155671,
              9.219544457292887,
              38.01315561749642,
              35.35533905932738
            ],
            [
              23.08679276123039,
              24.20743687382041,
              16.278820596099706,
              31.0,
              32.7566787083184,
              12.36931687685298,
              34.0147027033899,
              46.09772228646444,
              35.805027579936315,
              0.0,
              12.041594578792296,
              12.806248474865697,
              21.02379604162864,
              47.67598976424087,
              41.0,
              23.345235059857504,
              8.0,
              26.92582403567252,
              35.0,
              43.829214001622255,
              25.495097567963924,
              13.45362404707371,
              26.0,
              43.266615305567875,
              47.92702786528704,
              45.27692569068709,
              43.01162633521314,
              26.627053911388696,
              35.17101079013795,
              16.15549442140351,
              8.48528137423857,
              39.0,
              19.1049731745428,
              23.769728648009426,
              9.0,
              31.622776601683793,
              37.64306044943742,
              22.825424421026653,
              7.280109889280518,
              19.313207915827967,
              54.20332093147061,
              44.94441010848846,
              38.600518131237564,
              56.302753041036986,
              28.42534080710379,
              26.419689627245813,
              20.8806130178211,
              27.018512172212592,
              34.828149534535996,
              6.4031242374328485,
              5.656854249492381
            ],
            [
              28.319604517012593,
              34.0147027033899,
              28.071337695236398,
              43.01162633521314,
              31.400636936215164,
              14.212670403551895,
              39.698866482558415,
              54.037024344425184,
              45.617978911828175,
              12.041594578792296,
              0.0,
              21.93171219946131,
              22.825424421026653,
              46.17358552246078,
              44.294469180700204,
              15.811388300841896,
              20.024984394500787,
              24.08318915758459,
              36.05551275463989,
              38.8329756778952,
              37.48332962798263,
              23.706539182259394,
              37.107950630558946,
              50.20956084253277,
              53.009433122794285,
              47.16990566028302,
              52.773099207835045,
              34.20526275297414,
              46.69047011971501,
              27.892651361962706,
              9.219544457292887,
              50.0,
              28.178005607210743,
              12.083045973594572,
              15.620499351813308,
              43.41658669218482,
              49.47726750741192,
              19.026297590440446,
              15.231546211727817,
              10.0,
              48.38388161361178,
              41.19465984809196,
              31.953090617340916,
              62.96824596572466,
              21.840329667841555,
              16.278820596099706,
              26.1725046566048,
              28.231188426986208,
              42.80186911806539,
              7.615773105863909,
              16.76305461424021
            ],
            [
              12.041594578792296,
              12.083045973594572,
              10.63014581273465,
              25.079872407968907,
              26.627053911388696,
              11.180339887498949,
              21.840329667841555,
              33.301651610693426,
              23.706539182259394,
              12.806248474865697,
              21.93171219946131,
              0.0,
              14.212670403551895,
              40.311288741492746,
              30.01666203960727,
              25.709920264364882,
              10.0,
              23.430749027719962,
              26.248809496813376,
              40.311288741492746,
              22.67156809750927,
              20.024984394500787,
              16.0,
              30.528675044947494,
              35.73513677041127,
              35.12833614050059,
              30.886890422961002,
              13.892443989449804,
              26.019223662515376,
              17.46424919657298,
              21.2602916254693,
              28.442925306655784,
              6.4031242374328485,
              31.25699921617557,
              20.615528128088304,
              29.732137494637012,
              35.0,
              21.470910553583888,
              6.708203932499369,
              31.064449134018133,
              50.93132631298737,
              40.0,
              37.44329045369811,
              43.56604182158393,
              28.635642126552707,
              31.144823004794873,
              10.198039027185569,
              19.235384061671343,
              22.02271554554524,
              14.317821063276353,
              14.560219778561036
            ],
            [
              8.06225774829855,
              20.8806130178211,
              24.758836806279895,
              38.27531841800928,
              12.529964086141668,
              9.219544457292887,
              18.027756377319946,
              34.0147027033899,
              30.0,
              21.02379604162864,
              22.825424421026653,
              14.212670403551895,
              0.0,
              26.92582403567252,
              21.470910553583888,
              16.76305461424021,
              22.847319317591726,
              9.848857801796104,
              14.035668847618199,
              26.1725046566048,
              36.76955262170047,
              32.57299494980466,
              27.313000567495326,
              29.154759474226502,
              30.479501308256342,
              24.73863375370596,
              36.22154055254967,
              16.0312195418814,
              37.0,
              31.38470965295043,
              27.459060435491963,
              37.48332962798263,
              15.652475842498529,
              26.627053911388696,
              30.01666203960727,
              43.840620433565945,
              48.91829923454004,
              10.04987562112089,
              14.317821063276353,
              32.7566787083184,
              36.76955262170047,
              25.80697580112788,
              24.166091947189145,
              41.23105625617661,
              17.029386365926403,
              23.40939982143925,
              7.0710678118654755,
              6.0,
              23.769728648009426,
              17.46424919657298,
              25.495097567963924
            ],
            [
              29.154759474226502,
              41.86884283091664,
              50.11985634456667,
              61.07372593840988,
              15.033296378372908,
              35.35533905932738,
              27.202941017470888,
              39.84971769034255,
              45.221676218380054,
              47.67598976424087,
              46.17358552246078,
              40.311288741492746,
              26.92582403567252,
              0.0,
              18.384776310850235,
              32.28002478313795,
              49.64876634922564,
              22.090722034374522,
              14.422205101855956,
              14.422205101855956,
              61.587336360651285,
              59.481089431852205,
              48.91829923454004,
              33.83784863137726,
              27.16615541441225,
              13.152946437965905,
              48.30113870293329,
              33.97057550292606,
              56.639209034025185,
              57.77542730261716,
              53.03772242470448,
              54.405882034941776,
              39.11521443121589,
              43.657759905886145,
              56.568542494923804,
              68.5054742338158,
              72.80109889280519,
              27.16615541441225,
              41.23105625617661,
              54.91812087098393,
              19.0,
              9.433981132056603,
              21.93171219946131,
              39.0,
              26.92582403567252,
              37.16180835212409,
              30.4138126514911,
              21.18962010041709,
              36.05551275463989,
              43.104524124504614,
              52.392747589718944
            ],
            [
              18.110770276274835,
              26.92582403567252,
              37.656340767525464,
              45.65084884205331,
              17.88854381999832,
              30.463092423455635,
              10.295630140987,
              21.587033144922902,
              27.586228448267445,
              41.0,
              44.294469180700204,
              30.01666203960727,
              21.470910553583888,
              18.384776310850235,
              0.0,
              35.38361202590826,
              40.01249804748511,
              24.20743687382041,
              10.295630140987,
              29.017236257093817,
              47.75981574503821,
              50.0,
              33.54101966249684,
              15.524174696260024,
              10.770329614269007,
              6.4031242374328485,
              30.01666203960727,
              18.973665961010276,
              39.824615503479755,
              46.389654018972806,
              48.38388161361178,
              36.796738985948195,
              26.30589287593181,
              46.69047011971501,
              49.8196748283246,
              54.230987451824994,
              57.706152185014034,
              28.284271247461902,
              33.734255586866,
              54.20332093147061,
              36.6742416417845,
              25.079872407968907,
              33.24154027718932,
              23.08679276123039,
              32.449961479175904,
              41.86884283091664,
              20.223748416156685,
              16.401219466856727,
              18.384776310850235,
              38.62641583165593,
              44.28317965096906
            ],
            [
              24.73863375370596,
              36.013886210738214,
              35.4682957019364,
              50.59644256269407,
              18.867962264113206,
              14.560219778561036,
              34.438350715445125,
              50.695167422546305,
              46.2709412050371,
              23.345235059857504,
              15.811388300841896,
              25.709920264364882,
              16.76305461424021,
              32.28002478313795,
              35.38361202590826,
              0.0,
              29.68164415931166,
              11.40175425099138,
              25.495097567963924,
              23.194827009486403,
              46.95742752749558,
              36.76955262170047,
              41.43669871020132,
              45.617978911828175,
              45.60701700396552,
              36.40054944640259,
              52.773099207835045,
              32.55764119219941,
              51.478150704935004,
              38.8329756778952,
              24.596747752497688,
              53.009433122794285,
              30.066592756745816,
              11.661903789690601,
              30.23243291566195,
              53.71219600798314,
              59.481089431852205,
              7.211102550927978,
              21.02379604162864,
              23.021728866442675,
              32.57299494980466,
              26.019223662515376,
              16.15549442140351,
              57.14017850864661,
              6.082762530298219,
              6.708203932499369,
              23.345235059857504,
              19.4164878389476,
              40.52159917870962,
              16.97056274847714,
              29.0
            ],
            [
              22.02271554554524,
              18.601075237738275,
              8.54400374531753,
              23.0,
              35.34119409414458,
              16.278820596099706,
              31.575306807693888,
              41.340053217188775,
              29.698484809834994,
              8.0,
              20.024984394500787,
              10.0,
              22.847319317591726,
              49.64876634922564,
              40.01249804748511,
              29.68164415931166,
              0.0,
              30.805843601498726,
              35.90264614203248,
              48.010415536631214,
              17.72004514666935,
              10.04987562112089,
              18.867962264113206,
              39.395431207184416,
              45.35416188179427,
              45.09988913511872,
              36.796738985948195,
              23.08679276123039,
              27.51363298439521,
              9.219544457292887,
              15.231546211727817,
              31.76476034853718,
              14.866068747318506,
              31.575306807693888,
              12.041594578792296,
              24.166091947189145,
              30.083217912982647,
              27.586228448267445,
              9.219544457292887,
              26.92582403567252,
              58.60034129593445,
              48.373546489791295,
              43.840620433565945,
              52.32590180780452,
              34.058772731852805,
              33.61547262794322,
              20.09975124224178,
              28.460498941515414,
              30.4138126514911,
              13.601470508735444,
              5.656854249492381
            ],
            [
              17.26267650163207,
              30.675723300355934,
              34.058772731852805,
              48.02082881417188,
              7.615773105863909,
              14.7648230602334,
              24.73863375370596,
              41.23105625617661,
              39.20459156782532,
              26.92582403567252,
              24.08318915758459,
              23.430749027719962,
              9.848857801796104,
              22.090722034374522,
              24.20743687382041,
              11.40175425099138,
              30.805843601498726,
              0.0,
              14.142135623730951,
              17.204650534085253,
              46.09772228646444,
              39.824615503479755,
              37.16180835212409,
              35.73513677041127,
              34.66987164671943,
              25.0,
              45.0,
              25.179356624028344,
              46.8187996428785,
              39.824615503479755,
              31.25699921617557,
              47.07440918375928,
              25.495097567963924,
              23.021728866442675,
              35.4400902933387,
              53.150729063673246,
              58.412327466040935,
              5.0990195135927845,
              21.633307652783937,
              32.984845004941285,
              27.80287754891569,
              18.027756377319946,
              14.317821063276353,
              46.52956049652737,
              8.54400374531753,
              17.69180601295413,
              16.76305461424021,
              9.219544457292887,
              32.0624390837628,
              21.587033144922902,
              32.202484376209235
            ],
            [
              14.7648230602334,
              27.586228448267445,
              35.77708763999664,
              46.75467891024384,
              7.615773105863909,
              23.194827009486403,
              14.560219778561036,
              30.0,
              32.202484376209235,
              35.0,
              36.05551275463989,
              26.248809496813376,
              14.035668847618199,
              14.422205101855956,
              10.295630140987,
              25.495097567963924,
              35.90264614203248,
              14.142135623730951,
              0.0,
              20.396078054371138,
              47.16990566028302,
              45.89117562233506,
              34.655446902326915,
              24.020824298928627,
              21.02379604162864,
              11.180339887498949,
              36.40054944640259,
              19.849433241279208,
              42.80186911806539,
              43.657759905886145,
              41.43669871020132,
              41.182520563948,
              24.698178070456937,
              37.013511046643494,
              44.0,
              54.08326913195984,
              58.412327466040935,
              18.601075237738275,
              28.071337695236398,
              45.69463863518345,
