{
  "instname": "eil33.vrp",
  "N": 33,
  "param": {
    "problem_name": "vrp",
    "author_id": "123456",
    "author_name": "Accyan",
    "algo_name": "SplitILS",
    "time_limit": 24000,
    "teston_prefix": "",
    "teston_extension": ".vrp",
    "path_data": "data/vrp",
    "path_result_sol": "E:\\高级运筹学\\181870259ZhangHaoran\\代码\\result\\vrp\\SplitILS",
    "path_result_csv": "E:\\高级运筹学\\181870259ZhangHaoran\\代码\\result\\vrp/result_SplitILS.csv"
  },
  "time": 1.083,
  "sol": {
    "cost": 837.6715519725763,
    "route": [
      {
        "point": [
          {
            "id": 1,
            "MeetDemand": 0.0
          },
          {
            "id": 24,
            "MeetDemand": 270.0
          },
          {
            "id": 5,
            "MeetDemand": 1200.0
          }
        ],
        "inst": {
          "instname": "eil33.vrp",
          "N": 33,
          "vertices": [
            {
              "id": 1,
              "coord_x": 292,
              "coord_y": 495,
              "demand": 0.0
            },
            {
              "id": 2,
              "coord_x": 298,
              "coord_y": 427,
              "demand": 700.0
            },
            {
              "id": 3,
              "coord_x": 309,
              "coord_y": 445,
              "demand": 400.0
            },
            {
              "id": 4,
              "coord_x": 307,
              "coord_y": 464,
              "demand": 400.0
            },
            {
              "id": 5,
              "coord_x": 336,
              "coord_y": 475,
              "demand": 1200.0
            },
            {
              "id": 6,
              "coord_x": 320,
              "coord_y": 439,
              "demand": 40.0
            },
            {
              "id": 7,
              "coord_x": 321,
              "coord_y": 437,
              "demand": 80.0
            },
            {
              "id": 8,
              "coord_x": 322,
              "coord_y": 437,
              "demand": 2000.0
            },
            {
              "id": 9,
              "coord_x": 323,
              "coord_y": 433,
              "demand": 900.0
            },
            {
              "id": 10,
              "coord_x": 324,
              "coord_y": 433,
              "demand": 600.0
            },
            {
              "id": 11,
              "coord_x": 323,
              "coord_y": 429,
              "demand": 750.0
            },
            {
              "id": 12,
              "coord_x": 314,
              "coord_y": 435,
              "demand": 1500.0
            },
            {
              "id": 13,
              "coord_x": 311,
              "coord_y": 442,
              "demand": 150.0
            },
            {
              "id": 14,
              "coord_x": 304,
              "coord_y": 427,
              "demand": 250.0
            },
            {
              "id": 15,
              "coord_x": 293,
              "coord_y": 421,
              "demand": 1600.0
            },
            {
              "id": 16,
              "coord_x": 296,
              "coord_y": 418,
              "demand": 450.0
            },
            {
              "id": 17,
              "coord_x": 261,
              "coord_y": 384,
              "demand": 700.0
            },
            {
              "id": 18,
              "coord_x": 297,
              "coord_y": 410,
              "demand": 550.0
            },
            {
              "id": 19,
              "coord_x": 315,
              "coord_y": 407,
              "demand": 650.0
            },
            {
              "id": 20,
              "coord_x": 314,
              "coord_y": 406,
              "demand": 200.0
            },
            {
              "id": 21,
              "coord_x": 321,
              "coord_y": 391,
              "demand": 400.0
            },
            {
              "id": 22,
              "coord_x": 321,
              "coord_y": 398,
              "demand": 300.0
            },
            {
              "id": 23,
              "coord_x": 314,
              "coord_y": 394,
              "demand": 1300.0
            },
            {
              "id": 24,
              "coord_x": 313,
              "coord_y": 378,
              "demand": 700.0
            },
            {
              "id": 25,
              "coord_x": 304,
              "coord_y": 382,
              "demand": 750.0
            },
            {
              "id": 26,
              "coord_x": 295,
              "coord_y": 402,
              "demand": 1400.0
            },
            {
              "id": 27,
              "coord_x": 283,
              "coord_y": 406,
              "demand": 4000.0
            },
            {
              "id": 28,
              "coord_x": 279,
              "coord_y": 399,
              "demand": 600.0
            },
            {
              "id": 29,
              "coord_x": 271,
              "coord_y": 401,
              "demand": 1000.0
            },
            {
              "id": 30,
              "coord_x": 264,
              "coord_y": 414,
              "demand": 500.0
            },
            {
              "id": 31,
              "coord_x": 277,
              "coord_y": 439,
              "demand": 2500.0
            },
            {
              "id": 32,
              "coord_x": 290,
              "coord_y": 434,
              "demand": 1700.0
            },
            {
              "id": 33,
              "coord_x": 319,
              "coord_y": 433,
              "demand": 1100.0
            }
          ],
          "dist": [
            [
              0.0,
              68.26419266350405,
              52.81098370604357,
              34.438350715445125,
              48.33218389437829,
              62.609903369994115,
              64.8459713474939,
              65.29931086925804,
              69.31810730249349,
              69.77105417004964,
              72.91776189653656,
              63.90618123468183,
              56.302753041036986,
              69.05070600652827,
              74.00675644831355,
              77.10382610480494,
              115.24755962709145,
              85.14693182963201,
              90.95603333479313,
              91.67878707749138,
              107.96758772891057,
              101.24228365658294,
              103.36827366266692,
              118.86967653695369,
              113.63538181394033,
              93.04837451562494,
              89.45389874119518,
              96.87620966986684,
              96.317184344228,
              85.70297544426332,
              57.97413216254298,
              61.032778078668514,
              67.62396025078685
            ],
            [
              68.26419266350405,
              0.0,
              21.095023109728988,
              38.07886552931954,
              61.220911460055866,
              25.059928172283335,
              25.079872407968907,
              26.0,
              25.709920264364882,
              26.68332812825267,
              25.079872407968907,
              17.88854381999832,
              19.849433241279208,
              6.0,
              7.810249675906654,
              9.219544457292887,
              56.72741841473134,
              17.029386365926403,
              26.248809496813376,
              26.40075756488817,
              42.720018726587654,
              37.013511046643494,
              36.6742416417845,
              51.24451190127583,
              45.39823785126467,
              25.179356624028344,
              25.80697580112788,
              33.83784863137726,
              37.48332962798263,
              36.40054944640259,
              24.186773244895647,
              10.63014581273465,
              21.840329667841555
            ],
            [
              52.81098370604357,
              21.095023109728988,
              0.0,
              19.1049731745428,
              40.36087214122113,
              12.529964086141668,
              14.422205101855956,
              15.264337522473747,
              18.439088914585774,
              19.209372712298546,
              21.2602916254693,
              11.180339887498949,
              3.605551275463989,
              18.681541692269406,
              28.844410203711913,
              29.966648127543394,
              77.62087348130012,
              37.0,
              38.47076812334269,
              39.319206502675,
              55.31726674375732,
              48.507731342539614,
              51.24451190127583,
              67.11929677819934,
              63.198101237299845,
              45.221676218380054,
              46.87216658103186,
              54.91812087098393,
              58.137767414994535,
              54.644304369257,
              32.55764119219941,
              21.95449840010015,
              15.620499351813308
            ],
            [
              34.438350715445125,
              38.07886552931954,
              19.1049731745428,
              0.0,
              31.016124838541646,
              28.178005607210743,
              30.4138126514911,
              30.886890422961002,
              34.88552708502482,
              35.35533905932738,
              38.48376280978771,
              29.832867780352597,
              22.360679774997898,
              37.12142238654117,
              45.221676218380054,
              47.29693436154187,
              92.28217596047462,
              54.91812087098393,
              57.55866572463264,
              58.42088667591412,
              74.33034373659252,
              67.468511173732,
              70.34912934784623,
              86.20904824900923,
              82.05485969764375,
              63.150613615387776,
              62.76941930590086,
              70.77428911688199,
              72.56031973468694,
              65.94694837519019,
              39.05124837953327,
              34.48187929913333,
              33.24154027718932
            ],
            [
              48.33218389437829,
              61.220911460055866,
              40.36087214122113,
              31.016124838541646,
              0.0,
              39.395431207184416,
              40.85339643163099,
              40.496913462633174,
              43.965895873961216,
              43.68065933568311,
              47.80167361086848,
              45.65084884205331,
              41.400483088968905,
              57.688820407423826,
              69.02897942168927,
              69.63476143421474,
              117.92370414806346,
              75.8023746329889,
              71.16881339463234,
              72.42237223399962,
              85.32877591996736,
              78.44743462982075,
              83.93449827097318,
              99.68951800465283,
              98.35141076771599,
              83.72574275573791,
              87.00574693662483,
              95.0,
              98.49365461794989,
              94.36630754670864,
              69.1158447825099,
              61.61980201201558,
              45.31004303683677
            ],
            [
              62.609903369994115,
              25.059928172283335,
              12.529964086141668,
              28.178005607210743,
              39.395431207184416,
              0.0,
              2.23606797749979,
              2.8284271247461903,
              6.708203932499369,
              7.211102550927978,
              10.44030650891055,
              7.211102550927978,
              9.486832980505138,
              20.0,
              32.449961479175904,
              31.89043743820395,
              80.65977932030313,
              37.013511046643494,
              32.38826948140329,
              33.54101966249684,
              48.010415536631214,
              41.012193308819754,
              45.39823785126467,
              61.40032573203501,
              59.20304046246274,
              44.654227123532216,
              49.57822102496216,
              57.28001396647874,
              62.00806399170998,
              61.326992425847855,
              43.0,
              30.4138126514911,
              6.082762530298219
            ],
            [
              64.8459713474939,
              25.079872407968907,
              14.422205101855956,
              30.4138126514911,
              40.85339643163099,
              2.23606797749979,
              0.0,
              1.0,
              4.47213595499958,
              5.0,
              8.246211251235321,
              7.280109889280518,
              11.180339887498949,
              19.72308292331602,
              32.2490309931942,
              31.400636936215164,
              80.05623023850174,
              36.124783736376884,
              30.59411708155671,
              31.78049716414141,
              46.0,
              39.0,
              43.56604182158393,
              59.53990258641679,
              57.56735185849702,
              43.60045871318328,
              49.040799340956916,
              56.639209034025185,
              61.61168720299745,
              61.465437442517235,
              44.04543109109048,
              31.144823004794873,
              4.47213595499958
            ],
            [
              65.29931086925804,
              26.0,
              15.264337522473747,
              30.886890422961002,
              40.496913462633174,
              2.8284271247461903,
              1.0,
              0.0,
              4.123105625617661,
              4.47213595499958,
              8.06225774829855,
              8.246211251235321,
              12.083045973594572,
              20.591260281974,
              33.12099032335839,
              32.202484376209235,
              80.8084154033477,
              36.796738985948195,
              30.805843601498726,
              32.01562118716424,
              46.010868281309364,
              39.01281840626232,
              43.73785545725808,
              59.682493245507096,
              57.87054518492115,
              44.204072210600685,
              49.8196748283246,
              57.38466694161429,
              62.42595614005443,
              62.39390995922599,
              45.044422518220834,
              32.14031735997639,
              5.0
            ],
            [
              69.31810730249349,
              25.709920264364882,
              18.439088914585774,
              34.88552708502482,
              43.965895873961216,
              6.708203932499369,
              4.47213595499958,
              4.123105625617661,
              0.0,
              1.0,
              4.0,
              9.219544457292887,
              15.0,
              19.924858845171276,
              32.31098884280702,
              30.886890422961002,
              79.02531240052139,
              34.713109915419565,
              27.202941017470888,
              28.460498941515414,
              42.04759208325728,
              35.05709628591621,
              40.024992192379,
              55.90169943749474,
              54.42425929675111,
              41.773197148410844,
              48.25971404805462,
              55.60575509783138,
              61.05735008989499,
              61.98386886924694,
              46.389654018972806,
              33.015148038438355,
              4.0
            ],
            [
              69.77105417004964,
              26.68332812825267,
              19.209372712298546,
              35.35533905932738,
              43.68065933568311,
              7.211102550927978,
              5.0,
              4.47213595499958,
              1.0,
              0.0,
              4.123105625617661,
              10.198039027185569,
              15.811388300841896,
              20.8806130178211,
              33.24154027718932,
              31.76476034853718,
              79.81227975693966,
              35.4682957019364,
              27.51363298439521,
              28.792360097775937,
              42.1070065428546,
              35.12833614050059,
              40.26164427839479,
              56.089214649520635,
              54.78138369920935,
              42.44997055358225,
              49.09175083453431,
              56.4003546088143,
              61.91122676865643,
              62.93647591023825,
              47.38143096192854,
              34.0147027033899,
              5.0
            ],
            [
              72.91776189653656,
              25.079872407968907,
              21.2602916254693,
              38.48376280978771,
              47.80167361086848,
              10.44030650891055,
              8.246211251235321,
              8.06225774829855,
              4.0,
              4.123105625617661,
              0.0,
              10.816653826391969,
              17.69180601295413,
              19.1049731745428,
              31.04834939252005,
              29.154759474226502,
              76.60939890117922,
              32.202484376209235,
              23.40939982143925,
              24.698178070456937,
              38.05259518088089,
              31.064449134018133,
              36.138621999185304,
              51.97114584074513,
              50.695167422546305,
              38.897300677553446,
              46.14108798023731,
              53.25410782277739,
              59.0592922409336,
              60.876925020897694,
              47.07440918375928,
              33.37663853655727,
              5.656854249492381
            ],
            [
              63.90618123468183,
              17.88854381999832,
              11.180339887498949,
              29.832867780352597,
              45.65084884205331,
              7.211102550927978,
              7.280109889280518,
              8.246211251235321,
              9.219544457292887,
              10.198039027185569,
              10.816653826391969,
              0.0,
              7.615773105863909,
              12.806248474865697,
              25.238858928247925,
              24.758836806279895,
              73.55270219373317,
              30.23243291566195,
              28.0178514522438,
              29.0,
              44.553338819890925,
              37.656340767525464,
              41.0,
              57.0087712549569,
              53.9351462406472,
              38.07886552931954,
              42.44997055358225,
              50.20956084253277,
              54.817880294662984,
              54.230987451824994,
              37.21558813185679,
              24.020824298928627,
              5.385164807134504
            ],
            [
              56.302753041036986,
              19.849433241279208,
              3.605551275463989,
              22.360679774997898,
              41.400483088968905,
              9.486832980505138,
              11.180339887498949,
              12.083045973594572,
              15.0,
              15.811388300841896,
              17.69180601295413,
              7.615773105863909,
              0.0,
              16.55294535724685,
              27.65863337187866,
              28.30194339616981,
              76.57675887630658,
              34.92849839314596,
              35.22782990761707,
              36.124783736376884,
              51.97114584074513,
              45.12205669071391,
              48.093658625644196,
              64.03124237432849,
              60.40695324215582,
              43.08131845707603,
              45.60701700396552,
              53.600373133029585,
              57.28001396647874,
              54.70831746635972,
              34.132096331752024,
              22.47220505424423,
              12.041594578792296
            ],
            [
              69.05070600652827,
              6.0,
              18.681541692269406,
              37.12142238654117,
              57.688820407423826,
              20.0,
              19.72308292331602,
              20.591260281974,
              19.924858845171276,
              20.8806130178211,
              19.1049731745428,
              12.806248474865697,
              16.55294535724685,
              0.0,
              12.529964086141668,
              12.041594578792296,
              60.81118318204309,
              18.384776310850235,
              22.825424421026653,
              23.259406699226016,
              39.81205847478876,
              33.61547262794322,
              34.48187929913333,
              49.8196748283246,
              45.0,
              26.570660511172846,
              29.698484809834994,
              37.53664875824692,
              42.01190307520001,
              42.05948168962618,
              29.546573405388315,
              15.652475842498529,
              16.15549442140351
            ],
            [
              74.00675644831355,
              7.810249675906654,
              28.844410203711913,
              45.221676218380054,
              69.02897942168927,
              32.449961479175904,
              32.2490309931942,
              33.12099032335839,
              32.31098884280702,
              33.24154027718932,
              31.04834939252005,
              25.238858928247925,
              27.65863337187866,
              12.529964086141668,
              0.0,
              4.242640687119285,
              48.91829923454004,
              11.704699910719626,
              26.076809620810597,
              25.80697580112788,
              41.036569057366385,
              36.235341863986875,
              34.20526275297414,
              47.4236228055175,
              40.52159917870962,
              19.1049731745428,
              18.027756377319946,
              26.076809620810597,
              29.732137494637012,
              29.832867780352597,
              24.08318915758459,
              13.341664064126334,
              28.635642126552707
            ],
            [
              77.10382610480494,
              9.219544457292887,
              29.966648127543394,
              47.29693436154187,
              69.63476143421474,
              31.89043743820395,
              31.400636936215164,
              32.202484376209235,
              30.886890422961002,
              31.76476034853718,
              29.154759474226502,
              24.758836806279895,
              28.30194339616981,
              12.041594578792296,
              4.242640687119285,
              0.0,
              48.79549159502341,
              8.06225774829855,
              21.95449840010015,
              21.633307652783937,
              36.796738985948195,
              32.01562118716424,
              30.0,
              43.46262762420146,
              36.87817782917155,
              16.0312195418814,
              17.69180601295413,
              25.495097567963924,
              30.23243291566195,
              32.2490309931942,
              28.319604517012593,
              17.08800749063506,
              27.459060435491963
            ],
            [
              115.24755962709145,
              56.72741841473134,
              77.62087348130012,
              92.28217596047462,
              117.92370414806346,
              80.65977932030313,
              80.05623023850174,
              80.8084154033477,
              79.02531240052139,
              79.81227975693966,
              76.60939890117922,
              73.55270219373317,
              76.57675887630658,
              60.81118318204309,
              48.91829923454004,
              48.79549159502341,
              0.0,
              44.40720662234904,
              58.69412236331676,
              57.38466694161429,
              60.40695324215582,
              61.61168720299745,
              53.9351462406472,
              52.3450093132096,
              43.04648650006177,
              38.47076812334269,
              31.11269837220809,
              23.430749027719962,
              19.72308292331602,
              30.14962686336267,
              57.28001396647874,
              57.8013840664737,
              75.92759709091287
            ],
            [
              85.14693182963201,
              17.029386365926403,
              37.0,
              54.91812087098393,
              75.8023746329889,
              37.013511046643494,
              36.124783736376884,
              36.796738985948195,
              34.713109915419565,
              35.4682957019364,
              32.202484376209235,
              30.23243291566195,
              34.92849839314596,
              18.384776310850235,
              11.704699910719626,
              8.06225774829855,
              44.40720662234904,
              0.0,
              18.24828759089466,
              17.46424919657298,
              30.610455730027933,
              26.832815729997478,
              23.345235059857504,
              35.77708763999664,
              28.861739379323623,
              8.246211251235321,
              14.560219778561036,
              21.095023109728988,
              27.51363298439521,
              33.24154027718932,
              35.22782990761707,
              25.0,
              31.827660925679098
            ],
            [
              90.95603333479313,
              26.248809496813376,
              38.47076812334269,
              57.55866572463264,
              71.16881339463234,
              32.38826948140329,
              30.59411708155671,
              30.805843601498726,
              27.202941017470888,
              27.51363298439521,
              23.40939982143925,
              28.0178514522438,
              35.22782990761707,
              22.825424421026653,
              26.076809620810597,
              21.95449840010015,
              58.69412236331676,
              18.24828759089466,
              0.0,
              1.4142135623730951,
              17.08800749063506,
              10.816653826391969,
              13.038404810405298,
              29.068883707497267,
              27.313000567495326,
              20.615528128088304,
              32.01562118716424,
              36.87817782917155,
              44.40720662234904,
              51.478150704935004,
              49.678969393496885,
              36.796738985948195,
              26.30589287593181
            ],
            [
              91.67878707749138,
              26.40075756488817,
              39.319206502675,
              58.42088667591412,
              72.42237223399962,
              33.54101966249684,
              31.78049716414141,
              32.01562118716424,
              28.460498941515414,
              28.792360097775937,
              24.698178070456937,
              29.0,
              36.124783736376884,
              23.259406699226016,
              25.80697580112788,
              21.633307652783937,
              57.38466694161429,
              17.46424919657298,
              1.4142135623730951,
              0.0,
              16.55294535724685,
              10.63014581273465,
              12.0,
              28.0178514522438,
              26.0,
              19.4164878389476,
              31.0,
              35.6931365951495,
              43.289721643826724,
              50.635955604688654,
              49.57822102496216,
              36.87817782917155,
              27.459060435491963
            ],
            [
              107.96758772891057,
              42.720018726587654,
              55.31726674375732,
              74.33034373659252,
              85.32877591996736,
              48.010415536631214,
              46.0,
              46.010868281309364,
              42.04759208325728,
              42.1070065428546,
              38.05259518088089,
              44.553338819890925,
              51.97114584074513,
              39.81205847478876,
              41.036569057366385,
              36.796738985948195,
              60.40695324215582,
              30.610455730027933,
              17.08800749063506,
              16.55294535724685,
              0.0,
              7.0,
              7.615773105863909,
              15.264337522473747,
              19.235384061671343,
              28.231188426986208,
              40.85339643163099,
              42.7551166528639,
              50.99019513592785,
              61.465437442517235,
              65.11528238439882,
              53.009433122794285,
              42.04759208325728
            ],
            [
              101.24228365658294,
              37.013511046643494,
              48.507731342539614,
              67.468511173732,
              78.44743462982075,
              41.012193308819754,
              39.0,
              39.01281840626232,
              35.05709628591621,
              35.12833614050059,
              31.064449134018133,
              37.656340767525464,
              45.12205669071391,
              33.61547262794322,
              36.235341863986875,
              32.01562118716424,
              61.61168720299745,
              26.832815729997478,
              10.816653826391969,
              10.63014581273465,
              7.0,
              0.0,
              8.06225774829855,
              21.540659228538015,
              23.345235059857504,
              26.30589287593181,
              38.8329756778952,
              42.01190307520001,
              50.08991914547278,
              59.20304046246274,
              60.14149981501958,
              47.50789408087881,
              35.05709628591621
            ],
            [
              103.36827366266692,
              36.6742416417845,
              51.24451190127583,
              70.34912934784623,
              83.93449827097318,
              45.39823785126467,
              43.56604182158393,
              43.73785545725808,
              40.024992192379,
              40.26164427839479,
              36.138621999185304,
              41.0,
              48.093658625644196,
              34.48187929913333,
              34.20526275297414,
              30.0,
              53.9351462406472,
              23.345235059857504,
              13.038404810405298,
              12.0,
              7.615773105863909,
              8.06225774829855,
              0.0,
              16.0312195418814,
              15.620499351813308,
              20.615528128088304,
              33.24154027718932,
              35.35533905932738,
              43.56604182158393,
              53.85164807134504,
              58.25804665451803,
              46.647615158762406,
              39.319206502675
            ],
            [
              118.86967653695369,
              51.24451190127583,
              67.11929677819934,
              86.20904824900923,
              99.68951800465283,
              61.40032573203501,
              59.53990258641679,
              59.682493245507096,
              55.90169943749474,
              56.089214649520635,
              51.97114584074513,
              57.0087712549569,
              64.03124237432849,
              49.8196748283246,
              47.4236228055175,
              43.46262762420146,
              52.3450093132096,
              35.77708763999664,
              29.068883707497267,
              28.0178514522438,
              15.264337522473747,
              21.540659228538015,
              16.0312195418814,
              0.0,
              9.848857801796104,
              30.0,
              41.036569057366385,
              39.96248240537617,
              47.885279575251516,
              60.802960454241045,
              70.83078426785913,
              60.53924347066124,
              55.326304774492215
            ],
            [
              113.63538181394033,
              45.39823785126467,
              63.198101237299845,
              82.05485969764375,
              98.35141076771599,
              59.20304046246274,
              57.56735185849702,
              57.87054518492115,
              54.42425929675111,
              54.78138369920935,
              50.695167422546305,
              53.9351462406472,
              60.40695324215582,
              45.0,
              40.52159917870962,
              36.87817782917155,
              43.04648650006177,
              28.861739379323623,
              27.313000567495326,
              26.0,
              19.235384061671343,
              23.345235059857504,
              15.620499351813308,
              9.848857801796104,
              0.0,
              21.93171219946131,
              31.89043743820395,
              30.23243291566195,
              38.07886552931954,
              51.22499389946279,
              63.071388124885914,
              53.85164807134504,
              53.16013544000805
            ],
            [
              93.04837451562494,
              25.179356624028344,
              45.221676218380054,
              63.150613615387776,
              83.72574275573791,
              44.654227123532216,
              43.60045871318328,
              44.204072210600685,
              41.773197148410844,
              42.44997055358225,
              38.897300677553446,
              38.07886552931954,
              43.08131845707603,
              26.570660511172846,
              19.1049731745428,
              16.0312195418814,
              38.47076812334269,
              8.246211251235321,
              20.615528128088304,
              19.4164878389476,
              28.231188426986208,
              26.30589287593181,
              20.615528128088304,
              30.0,
              21.93171219946131,
              0.0,
              12.649110640673518,
              16.278820596099706,
              24.020824298928627,
              33.24154027718932,
              41.14608122288197,
              32.38826948140329,
              39.20459156782532
            ],
            [
              89.45389874119518,
              25.80697580112788,
              46.87216658103186,
              62.76941930590086,
              87.00574693662483,
              49.57822102496216,
              49.040799340956916,
              49.8196748283246,
              48.25971404805462,
              49.09175083453431,
              46.14108798023731,
              42.44997055358225,
              45.60701700396552,
              29.698484809834994,
              18.027756377319946,
              17.69180601295413,
              31.11269837220809,
              14.560219778561036,
              32.01562118716424,
              31.0,
              40.85339643163099,
              38.8329756778952,
              33.24154027718932,
              41.036569057366385,
              31.89043743820395,
              12.649110640673518,
              0.0,
              8.06225774829855,
              13.0,
              20.615528128088304,
              33.54101966249684,
              28.861739379323623,
              45.0
            ],
            [
              96.87620966986684,
              33.83784863137726,
              54.91812087098393,
              70.77428911688199,
              95.0,
              57.28001396647874,
              56.639209034025185,
              57.38466694161429,
              55.60575509783138,
              56.4003546088143,
              53.25410782277739,
              50.20956084253277,
              53.600373133029585,
              37.53664875824692,
              26.076809620810597,
              25.495097567963924,
              23.430749027719962,
              21.095023109728988,
              36.87817782917155,
              35.6931365951495,
              42.7551166528639,
              42.01190307520001,
              35.35533905932738,
              39.96248240537617,
              30.23243291566195,
              16.278820596099706,
              8.06225774829855,
              0.0,
              8.246211251235321,
              21.213203435596427,
              40.049968789001575,
              36.68787265568828,
              52.49761899362675
            ],
            [
              96.317184344228,
              37.48332962798263,
              58.137767414994535,
              72.56031973468694,
              98.49365461794989,
              62.00806399170998,
              61.61168720299745,
              62.42595614005443,
              61.05735008989499,
              61.91122676865643,
              59.0592922409336,
              54.817880294662984,
              57.28001396647874,
              42.01190307520001,
              29.732137494637012,
              30.23243291566195,
              19.72308292331602,
              27.51363298439521,
              44.40720662234904,
              43.289721643826724,
              50.99019513592785,
              50.08991914547278,
              43.56604182158393,
              47.885279575251516,
              38.07886552931954,
              24.020824298928627,
              13.0,
              8.246211251235321,
              0.0,
              14.7648230602334,
              38.47076812334269,
              38.07886552931954,
              57.688820407423826
            ],
            [
              85.70297544426332,
              36.40054944640259,
              54.644304369257,
              65.94694837519019,
              94.36630754670864,
              61.326992425847855,
              61.465437442517235,
              62.39390995922599,
              61.98386886924694,
              62.93647591023825,
              60.876925020897694,
              54.230987451824994,
              54.70831746635972,
              42.05948168962618,
              29.832867780352597,
              32.2490309931942,
              30.14962686336267,
              33.24154027718932,
              51.478150704935004,
              50.635955604688654,
              61.465437442517235,
              59.20304046246274,
              53.85164807134504,
              60.802960454241045,
              51.22499389946279,
              33.24154027718932,
              20.615528128088304,
              21.213203435596427,
              14.7648230602334,
              0.0,
              28.178005607210743,
              32.802438933713454,
              58.18934610390462
            ],
            [
              57.97413216254298,
              24.186773244895647,
              32.55764119219941,
              39.05124837953327,
              69.1158447825099,
              43.0,
              44.04543109109048,
              45.044422518220834,
              46.389654018972806,
              47.38143096192854,
              47.07440918375928,
              37.21558813185679,
              34.132096331752024,
              29.546573405388315,
              24.08318915758459,
              28.319604517012593,
              57.28001396647874,
              35.22782990761707,
              49.678969393496885,
              49.57822102496216,
              65.11528238439882,
              60.14149981501958,
              58.25804665451803,
              70.83078426785913,
              63.071388124885914,
              41.14608122288197,
              33.54101966249684,
              40.049968789001575,
              38.47076812334269,
              28.178005607210743,
              0.0,
              13.92838827718412,
              42.42640687119285
            ],
            [
              61.032778078668514,
              10.63014581273465,
              21.95449840010015,
              34.48187929913333,
              61.61980201201558,
              30.4138126514911,
              31.144823004794873,
              32.14031735997639,
              33.015148038438355,
              34.0147027033899,
              33.37663853655727,
              24.020824298928627,
              22.47220505424423,
              15.652475842498529,
              13.341664064126334,
              17.08800749063506,
              57.8013840664737,
              25.0,
